5 0 10 0.1 21 1 3 2 0 1 
5 0 10 0.2 21 0 1 3 2 0 
5 0 10 0.25 21 3 0 1 2 3 
5 0 10 0.3 21 3 2 1 0 3 
5 0 10 0.4 23 1 0 2 3 1 
5 0 10 0.5 21 0 3 1 2 0 
5 0 10 0.6 23 1 0 2 3 1 
5 0 10 0.7 21 0 3 2 1 0 
5 0 10 0.75 21 0 1 2 3 0 
5 0 10 0.8 21 0 1 2 3 0 
5 0 10 0.9 21 1 2 0 3 1 
5 1 9 0.1 21 0 1 2 3 0 
5 1 9 0.2 21 1 0 2 3 1 
5 1 9 0.25 21 0 1 2 3 0 
5 1 9 0.3 21 0 3 2 1 0 
5 1 9 0.4 21 0 3 2 1 0 
5 1 9 0.5 21 0 1 3 2 0 
5 1 9 0.6 21 0 3 2 1 0 
5 1 9 0.7 21 0 1 2 3 0 
5 1 9 0.75 21 0 3 1 2 0 
5 1 9 0.8 21 0 1 2 3 0 
5 1 9 0.9 21 1 0 3 2 1 
5 2 8 0.1 23 0 1 3 2 0 
5 2 8 0.2 21 3 2 0 1 3 
5 2 8 0.25 21 2 0 1 3 2 
5 2 8 0.3 21 1 2 0 3 1 
5 2 8 0.4 21 2 0 1 3 2 
5 2 8 0.5 21 0 1 2 3 0 
5 2 8 0.6 21 1 3 0 2 1 
5 2 8 0.7 21 0 1 2 3 0 
5 2 8 0.75 21 0 3 2 1 0 
5 2 8 0.8 21 0 1 3 2 0 
5 2 8 0.9 21 0 1 2 3 0 
5 3 7 0.1 21 0 1 2 3 0 
5 3 7 0.2 21 0 1 2 3 0 
5 3 7 0.25 21 1 2 3 0 1 
5 3 7 0.3 21 0 1 2 3 0 
5 3 7 0.4 21 0 1 2 3 0 
5 3 7 0.5 21 0 1 2 3 0 
5 3 7 0.6 21 2 0 1 3 2 
5 3 7 0.7 21 0 1 2 3 0 
5 3 7 0.75 21 0 3 2 1 0 
5 3 7 0.8 23 0 1 2 3 0 
5 3 7 0.9 21 3 2 0 1 3 
5 4 6 0.1 21 0 1 2 3 0 
5 4 6 0.2 21 0 1 2 3 0 
5 4 6 0.25 21 3 0 1 2 3 
5 4 6 0.3 21 1 0 2 3 1 
5 4 6 0.4 21 0 1 2 3 0 
5 4 6 0.5 21 0 1 2 3 0 
5 4 6 0.6 21 0 1 2 3 0 
5 4 6 0.7 21 0 1 2 3 0 
5 4 6 0.75 21 0 1 2 3 0 
5 4 6 0.8 21 0 1 2 3 0 
5 4 6 0.9 21 0 1 2 3 0 
5 5 5 0.1 21 0 1 2 3 0 
5 5 5 0.2 21 2 0 1 3 2 
5 5 5 0.25 21 0 3 2 1 0 
5 5 5 0.3 21 1 3 2 0 1 
5 5 5 0.4 21 0 1 2 3 0 
5 5 5 0.5 21 1 2 0 3 1 
5 5 5 0.6 21 0 1 2 3 0 
5 5 5 0.7 21 0 1 2 3 0 
5 5 5 0.75 21 0 1 2 3 0 
5 5 5 0.8 21 0 1 2 3 0 
5 5 5 0.9 21 1 2 3 0 1 
5 6 4 0.1 21 0 1 2 3 0 
5 6 4 0.2 21 1 0 2 3 1 
5 6 4 0.25 21 0 1 2 3 0 
5 6 4 0.3 21 0 1 2 3 0 
5 6 4 0.4 21 0 1 2 3 0 
5 6 4 0.5 23 1 3 2 0 1 
5 6 4 0.6 21 0 1 2 3 0 
5 6 4 0.7 21 0 1 2 3 0 
5 6 4 0.75 21 0 1 3 2 0 
5 6 4 0.8 21 0 1 2 3 0 
5 6 4 0.9 21 0 1 2 3 0 
5 7 3 0.1 21 1 3 0 2 1 
5 7 3 0.2 21 2 3 0 1 2 
5 7 3 0.25 21 1 0 3 2 1 
5 7 3 0.3 21 0 1 2 3 0 
5 7 3 0.4 21 0 1 3 2 0 
5 7 3 0.5 21 0 1 2 3 0 
5 7 3 0.6 21 0 1 2 3 0 
5 7 3 0.7 21 0 1 2 3 0 
5 7 3 0.75 21 3 0 1 2 3 
5 7 3 0.8 23 2 3 1 0 2 
5 7 3 0.9 21 2 0 1 3 2 
5 8 2 0.1 21 0 1 2 3 0 
5 8 2 0.2 21 0 1 2 3 0 
5 8 2 0.25 21 0 1 2 3 0 
5 8 2 0.3 21 0 1 2 3 0 
5 8 2 0.4 21 0 1 2 3 0 
5 8 2 0.5 21 1 0 2 3 1 
5 8 2 0.6 21 3 0 1 2 3 
5 8 2 0.7 23 1 3 0 2 1 
5 8 2 0.75 21 1 0 2 3 1 
5 8 2 0.8 21 3 0 1 2 3 
5 8 2 0.9 21 1 2 3 0 1 
5 9 1 0.1 21 0 1 2 3 0 
5 9 1 0.2 21 0 1 2 3 0 
5 9 1 0.25 21 3 0 1 2 3 
5 9 1 0.3 21 1 0 3 2 1 
5 9 1 0.4 21 0 1 3 2 0 
5 9 1 0.5 21 0 1 3 2 0 
5 9 1 0.6 21 0 1 2 3 0 
5 9 1 0.7 21 1 2 0 3 1 
5 9 1 0.75 21 0 1 2 3 0 
5 9 1 0.8 21 0 1 2 3 0 
5 9 1 0.9 21 2 0 1 3 2 
5 10 0 0.1 21 0 1 2 3 0 
5 10 0 0.2 23 1 0 2 3 1 
5 10 0 0.25 21 2 0 1 3 2 
5 10 0 0.3 21 0 1 2 3 0 
5 10 0 0.4 21 0 1 2 3 0 
5 10 0 0.5 21 0 1 2 3 0 
5 10 0 0.6 23 0 1 2 3 0 
5 10 0 0.7 23 0 1 2 3 0 
5 10 0 0.75 21 0 1 2 3 0 
5 10 0 0.8 21 0 1 2 3 0 
5 10 0 0.9 21 0 1 2 3 0 
10 0 10 0.1 21 0 3 2 1 0 
10 0 10 0.2 21 0 3 1 2 0 
10 0 10 0.25 21 2 3 1 0 2 
10 0 10 0.3 21 0 1 3 2 0 
10 0 10 0.4 21 0 3 2 1 0 
10 0 10 0.5 21 0 1 3 2 0 
10 0 10 0.6 21 0 1 2 3 0 
10 0 10 0.7 21 0 1 2 3 0 
10 0 10 0.75 21 3 2 0 1 3 
10 0 10 0.8 21 0 3 1 2 0 
10 0 10 0.9 21 0 1 2 3 0 
10 1 9 0.1 21 0 1 2 3 0 
10 1 9 0.2 21 2 3 1 0 2 
10 1 9 0.25 21 1 0 3 2 1 
10 1 9 0.3 21 0 3 2 1 0 
10 1 9 0.4 21 0 2 1 3 0 
10 1 9 0.5 21 0 3 1 2 0 
10 1 9 0.6 21 0 1 3 2 0 
10 1 9 0.7 21 0 3 1 2 0 
10 1 9 0.75 21 1 0 3 2 1 
10 1 9 0.8 21 3 2 0 1 3 
10 1 9 0.9 23 1 0 3 2 1 
10 2 8 0.1 21 0 1 2 3 0 
10 2 8 0.2 21 2 0 3 1 2 
10 2 8 0.25 21 0 1 2 3 0 
10 2 8 0.3 21 3 0 1 2 3 
10 2 8 0.4 21 1 0 3 2 1 
10 2 8 0.5 21 0 1 2 3 0 
10 2 8 0.6 21 0 1 3 2 0 
10 2 8 0.7 21 0 1 3 2 0 
10 2 8 0.75 21 1 0 2 3 1 
10 2 8 0.8 21 1 2 0 3 1 
10 2 8 0.9 21 3 0 1 2 3 
10 3 7 0.1 21 0 1 2 3 0 
10 3 7 0.2 21 0 1 2 3 0 
10 3 7 0.25 21 0 1 2 3 0 
10 3 7 0.3 21 0 3 2 1 0 
10 3 7 0.4 23 0 1 2 3 0 
10 3 7 0.5 21 0 2 3 1 0 
10 3 7 0.6 21 0 1 2 3 0 
10 3 7 0.7 21 0 1 2 3 0 
10 3 7 0.75 21 0 1 2 3 0 
10 3 7 0.8 21 0 1 2 3 0 
10 3 7 0.9 21 1 0 2 3 1 
10 4 6 0.1 21 0 3 1 2 0 
10 4 6 0.2 21 0 1 2 3 0 
10 4 6 0.25 21 0 1 2 3 0 
10 4 6 0.3 21 0 1 2 3 0 
10 4 6 0.4 21 0 1 2 3 0 
10 4 6 0.5 21 0 1 2 3 0 
10 4 6 0.6 21 0 1 2 3 0 
10 4 6 0.7 21 3 2 0 1 3 
10 4 6 0.75 23 0 1 2 3 0 
10 4 6 0.8 21 0 1 2 3 0 
10 4 6 0.9 21 3 0 1 2 3 
10 5 5 0.1 21 0 1 2 3 0 
10 5 5 0.2 23 1 3 0 2 1 
10 5 5 0.25 21 0 1 2 3 0 
10 5 5 0.3 21 2 3 0 1 2 
10 5 5 0.4 21 3 0 1 2 3 
10 5 5 0.5 23 0 1 2 3 0 
10 5 5 0.6 21 0 1 2 3 0 
10 5 5 0.7 21 0 1 2 3 0 
10 5 5 0.75 21 0 1 2 3 0 
10 5 5 0.8 21 0 1 2 3 0 
10 5 5 0.9 21 1 0 2 3 1 
10 6 4 0.1 21 1 0 2 3 1 
10 6 4 0.2 21 0 1 2 3 0 
10 6 4 0.25 21 0 2 3 1 0 
10 6 4 0.3 21 3 1 0 2 3 
10 6 4 0.4 23 1 3 0 2 1 
10 6 4 0.5 21 2 3 0 1 2 
10 6 4 0.6 21 0 1 2 3 0 
10 6 4 0.7 21 0 1 2 3 0 
10 6 4 0.75 21 0 1 2 3 0 
10 6 4 0.8 21 0 1 2 3 0 
10 6 4 0.9 21 0 1 2 3 0 
10 7 3 0.1 21 0 2 1 3 0 
10 7 3 0.2 21 0 1 2 3 0 
10 7 3 0.25 21 1 2 0 3 1 
10 7 3 0.3 21 2 0 1 3 2 
10 7 3 0.4 21 1 0 2 3 1 
10 7 3 0.5 21 0 1 2 3 0 
10 7 3 0.6 21 0 1 2 3 0 
10 7 3 0.7 21 0 1 2 3 0 
10 7 3 0.75 21 0 1 2 3 0 
10 7 3 0.8 21 0 1 2 3 0 
10 7 3 0.9 21 0 1 2 3 0 
10 8 2 0.1 21 1 0 2 3 1 
10 8 2 0.2 21 1 0 2 3 1 
10 8 2 0.25 21 0 1 2 3 0 
10 8 2 0.3 21 0 1 3 2 0 
10 8 2 0.4 21 3 0 1 2 3 
10 8 2 0.5 21 0 1 2 3 0 
10 8 2 0.6 21 0 1 2 3 0 
10 8 2 0.7 21 0 1 2 3 0 
10 8 2 0.75 21 0 1 2 3 0 
10 8 2 0.8 23 1 0 2 3 1 
10 8 2 0.9 23 1 0 2 3 1 
10 9 1 0.1 21 2 0 1 3 2 
10 9 1 0.2 21 0 1 2 3 0 
10 9 1 0.25 23 0 1 2 3 0 
10 9 1 0.3 21 1 0 3 2 1 
10 9 1 0.4 21 1 0 2 3 1 
10 9 1 0.5 21 0 1 2 3 0 
10 9 1 0.6 21 0 1 2 3 0 
10 9 1 0.7 21 0 1 2 3 0 
10 9 1 0.75 21 0 1 2 3 0 
10 9 1 0.8 21 0 1 2 3 0 
10 9 1 0.9 21 0 1 2 3 0 
10 10 0 0.1 21 0 1 2 3 0 
10 10 0 0.2 21 0 1 3 2 0 
10 10 0 0.25 21 0 1 2 3 0 
10 10 0 0.3 21 2 3 0 1 2 
10 10 0 0.4 21 0 1 2 3 0 
10 10 0 0.5 23 1 0 2 3 1 
10 10 0 0.6 23 0 1 2 3 0 
10 10 0 0.7 21 3 0 1 2 3 
10 10 0 0.75 21 0 1 2 3 0 
10 10 0 0.8 21 0 1 2 3 0 
10 10 0 0.9 21 0 1 2 3 0 
20 0 10 0.1 21 0 3 1 2 0 
20 0 10 0.2 21 0 3 2 1 0 
20 0 10 0.25 21 3 0 1 2 3 
20 0 10 0.3 23 0 3 1 2 0 
20 0 10 0.4 21 0 1 2 3 0 
20 0 10 0.5 21 0 1 3 2 0 
20 0 10 0.6 21 1 3 0 2 1 
20 0 10 0.7 21 3 0 1 2 3 
20 0 10 0.75 21 0 1 2 3 0 
20 0 10 0.8 21 0 1 2 3 0 
20 0 10 0.9 21 0 3 2 1 0 
20 1 9 0.1 21 3 2 0 1 3 
20 1 9 0.2 21 2 0 1 3 2 
20 1 9 0.25 21 0 1 3 2 0 
20 1 9 0.3 21 0 1 2 3 0 
20 1 9 0.4 21 3 2 1 0 3 
20 1 9 0.5 21 3 0 1 2 3 
20 1 9 0.6 21 1 2 3 0 1 
20 1 9 0.7 21 0 1 2 3 0 
20 1 9 0.75 21 1 2 0 3 1 
20 1 9 0.8 21 3 0 1 2 3 
20 1 9 0.9 21 0 1 2 3 0 
20 2 8 0.1 21 0 1 2 3 0 
20 2 8 0.2 21 1 2 0 3 1 
20 2 8 0.25 21 0 1 2 3 0 
20 2 8 0.3 21 3 2 0 1 3 
20 2 8 0.4 21 0 1 2 3 0 
20 2 8 0.5 21 3 0 1 2 3 
20 2 8 0.6 21 2 3 1 0 2 
20 2 8 0.7 21 0 1 2 3 0 
20 2 8 0.75 21 1 2 0 3 1 
20 2 8 0.8 23 2 3 1 0 2 
20 2 8 0.9 21 0 1 3 2 0 
20 3 7 0.1 21 0 1 2 3 0 
20 3 7 0.2 21 0 1 2 3 0 
20 3 7 0.25 21 0 1 2 3 0 
20 3 7 0.3 21 0 1 2 3 0 
20 3 7 0.4 21 2 3 1 0 2 
20 3 7 0.5 21 3 2 1 0 3 
20 3 7 0.6 21 0 1 3 2 0 
20 3 7 0.7 21 1 2 0 3 1 
20 3 7 0.75 21 1 3 2 0 1 
20 3 7 0.8 21 0 1 2 3 0 
20 3 7 0.9 21 0 1 2 3 0 
20 4 6 0.1 21 0 1 2 3 0 
20 4 6 0.2 21 0 1 2 3 0 
20 4 6 0.25 21 0 1 2 3 0 
20 4 6 0.3 21 0 1 2 3 0 
20 4 6 0.4 21 0 1 2 3 0 
20 4 6 0.5 21 0 1 2 3 0 
20 4 6 0.6 21 0 1 2 3 0 
20 4 6 0.7 21 0 1 2 3 0 
20 4 6 0.75 21 1 2 3 0 1 
20 4 6 0.8 21 0 1 2 3 0 
20 4 6 0.9 21 0 1 2 3 0 
20 5 5 0.1 23 0 1 2 3 0 
20 5 5 0.2 21 0 1 2 3 0 
20 5 5 0.25 21 0 1 2 3 0 
20 5 5 0.3 21 3 0 1 2 3 
20 5 5 0.4 23 1 0 2 3 1 
20 5 5 0.5 21 3 0 1 2 3 
20 5 5 0.6 21 1 2 0 3 1 
20 5 5 0.7 21 2 3 0 1 2 
20 5 5 0.75 21 0 1 2 3 0 
20 5 5 0.8 21 0 1 2 3 0 
20 5 5 0.9 21 0 1 2 3 0 
20 6 4 0.1 21 0 1 2 3 0 
20 6 4 0.2 21 2 0 1 3 2 
20 6 4 0.25 21 0 1 2 3 0 
20 6 4 0.3 21 0 1 2 3 0 
20 6 4 0.4 21 1 2 3 0 1 
20 6 4 0.5 21 0 1 2 3 0 
20 6 4 0.6 21 1 0 2 3 1 
20 6 4 0.7 21 3 0 1 2 3 
20 6 4 0.75 21 0 1 2 3 0 
20 6 4 0.8 21 0 1 2 3 0 
20 6 4 0.9 21 0 1 2 3 0 
20 7 3 0.1 23 0 1 3 2 0 
20 7 3 0.2 21 0 1 2 3 0 
20 7 3 0.25 23 0 1 2 3 0 
20 7 3 0.3 21 0 1 2 3 0 
20 7 3 0.4 21 0 1 2 3 0 
20 7 3 0.5 21 0 1 2 3 0 
20 7 3 0.6 21 0 1 2 3 0 
20 7 3 0.7 21 3 0 1 2 3 
20 7 3 0.75 21 0 1 2 3 0 
20 7 3 0.8 21 0 1 2 3 0 
20 7 3 0.9 21 0 1 2 3 0 
20 8 2 0.1 21 3 1 0 2 3 
20 8 2 0.2 21 2 0 1 3 2 
20 8 2 0.25 21 0 1 2 3 0 
20 8 2 0.3 21 3 2 0 1 3 
20 8 2 0.4 21 0 1 2 3 0 
20 8 2 0.5 21 0 1 2 3 0 
20 8 2 0.6 23 1 2 3 0 1 
20 8 2 0.7 21 2 0 1 3 2 
20 8 2 0.75 21 0 1 2 3 0 
20 8 2 0.8 21 0 1 2 3 0 
20 8 2 0.9 21 0 1 2 3 0 
20 9 1 0.1 23 1 0 2 3 1 
20 9 1 0.2 21 0 1 2 3 0 
20 9 1 0.25 21 0 1 2 3 0 
20 9 1 0.3 21 0 1 2 3 0 
20 9 1 0.4 21 0 1 2 3 0 
20 9 1 0.5 24 0 1 2 3 0 
20 9 1 0.6 21 0 1 2 3 0 
20 9 1 0.7 21 1 2 3 0 1 
20 9 1 0.75 21 2 0 1 3 2 
20 9 1 0.8 21 0 1 2 3 0 
20 9 1 0.9 23 0 1 2 3 0 
20 10 0 0.1 21 0 1 2 3 0 
20 10 0 0.2 21 3 0 1 2 3 
20 10 0 0.25 21 0 1 2 3 0 
20 10 0 0.3 21 0 1 2 3 0 
20 10 0 0.4 21 0 1 2 3 0 
20 10 0 0.5 21 3 0 1 2 3 
20 10 0 0.6 21 1 0 2 3 1 
20 10 0 0.7 23 3 0 1 2 3 
20 10 0 0.75 21 2 3 0 1 2 
20 10 0 0.8 23 0 1 2 3 0 
20 10 0 0.9 21 3 0 1 2 3 
30 0 10 0.1 21 0 1 2 3 0 
30 0 10 0.2 21 2 0 1 3 2 
30 0 10 0.25 21 0 2 1 3 0 
30 0 10 0.3 21 3 0 1 2 3 
30 0 10 0.4 21 1 2 0 3 1 
30 0 10 0.5 21 3 2 1 0 3 
30 0 10 0.6 21 1 3 0 2 1 
30 0 10 0.7 21 2 3 1 0 2 
30 0 10 0.75 21 0 1 3 2 0 
30 0 10 0.8 21 0 1 3 2 0 
30 0 10 0.9 21 0 1 2 3 0 
30 1 9 0.1 23 2 3 1 0 2 
30 1 9 0.2 21 0 1 2 3 0 
30 1 9 0.25 21 1 3 2 0 1 
30 1 9 0.3 21 0 1 2 3 0 
30 1 9 0.4 21 0 1 2 3 0 
30 1 9 0.5 21 3 0 1 2 3 
30 1 9 0.6 21 3 0 1 2 3 
30 1 9 0.7 21 0 1 2 3 0 
30 1 9 0.75 21 0 1 2 3 0 
30 1 9 0.8 21 0 3 2 1 0 
30 1 9 0.9 23 0 1 2 3 0 
30 2 8 0.1 21 2 0 3 1 2 
30 2 8 0.2 23 1 2 3 0 1 
30 2 8 0.25 21 0 1 2 3 0 
30 2 8 0.3 21 0 1 2 3 0 
30 2 8 0.4 21 0 3 2 1 0 
30 2 8 0.5 21 0 1 2 3 0 
30 2 8 0.6 21 0 3 1 2 0 
30 2 8 0.7 21 1 0 2 3 1 
30 2 8 0.75 21 0 1 2 3 0 
30 2 8 0.8 21 0 1 2 3 0 
30 2 8 0.9 21 2 3 0 1 2 
30 3 7 0.1 21 3 2 0 1 3 
30 3 7 0.2 21 0 1 2 3 0 
30 3 7 0.25 21 0 1 2 3 0 
30 3 7 0.3 21 2 0 1 3 2 
30 3 7 0.4 21 0 1 3 2 0 
30 3 7 0.5 21 0 1 2 3 0 
30 3 7 0.6 21 0 1 2 3 0 
30 3 7 0.7 21 0 3 2 1 0 
30 3 7 0.75 21 0 1 2 3 0 
30 3 7 0.8 21 0 1 3 2 0 
30 3 7 0.9 21 3 0 1 2 3 
30 4 6 0.1 21 1 2 0 3 1 
30 4 6 0.2 23 2 0 1 3 2 
30 4 6 0.25 21 0 1 2 3 0 
30 4 6 0.3 21 3 2 1 0 3 
30 4 6 0.4 21 0 1 2 3 0 
30 4 6 0.5 21 0 1 2 3 0 
30 4 6 0.6 21 0 1 2 3 0 
30 4 6 0.7 21 0 1 2 3 0 
30 4 6 0.75 21 0 1 2 3 0 
30 4 6 0.8 21 2 0 1 3 2 
30 4 6 0.9 21 3 0 1 2 3 
30 5 5 0.1 21 0 1 2 3 0 
30 5 5 0.2 21 2 3 0 1 2 
30 5 5 0.25 21 1 2 0 3 1 
30 5 5 0.3 21 0 1 2 3 0 
30 5 5 0.4 21 0 1 2 3 0 
30 5 5 0.5 21 2 3 0 1 2 
30 5 5 0.6 21 3 0 1 2 3 
30 5 5 0.7 21 0 1 2 3 0 
30 5 5 0.75 21 0 1 2 3 0 
30 5 5 0.8 21 0 1 2 3 0 
30 5 5 0.9 23 0 1 2 3 0 
30 6 4 0.1 21 0 1 2 3 0 
30 6 4 0.2 21 0 1 2 3 0 
30 6 4 0.25 21 0 1 2 3 0 
30 6 4 0.3 21 0 1 2 3 0 
30 6 4 0.4 21 1 0 2 3 1 
30 6 4 0.5 21 0 1 2 3 0 
30 6 4 0.6 23 2 3 0 1 2 
30 6 4 0.7 21 0 1 2 3 0 
30 6 4 0.75 21 0 1 2 3 0 
30 6 4 0.8 21 2 3 0 1 2 
30 6 4 0.9 21 3 0 1 2 3 
30 7 3 0.1 21 1 0 3 2 1 
30 7 3 0.2 21 0 1 2 3 0 
30 7 3 0.25 21 0 1 2 3 0 
30 7 3 0.3 21 0 1 2 3 0 
30 7 3 0.4 23 0 1 2 3 0 
30 7 3 0.5 21 0 1 2 3 0 
30 7 3 0.6 21 0 1 2 3 0 
30 7 3 0.7 21 0 1 2 3 0 
30 7 3 0.75 21 1 2 3 0 1 
30 7 3 0.8 21 1 2 3 0 1 
30 7 3 0.9 21 1 2 0 3 1 
30 8 2 0.1 21 0 1 3 2 0 
30 8 2 0.2 21 3 0 1 2 3 
30 8 2 0.25 24 0 1 2 3 0 
30 8 2 0.3 21 0 1 2 3 0 
30 8 2 0.4 21 1 2 0 3 1 
30 8 2 0.5 21 3 2 1 0 3 
30 8 2 0.6 21 0 1 2 3 0 
30 8 2 0.7 21 0 1 2 3 0 
30 8 2 0.75 23 0 1 2 3 0 
30 8 2 0.8 21 0 1 2 3 0 
30 8 2 0.9 21 0 1 2 3 0 
30 9 1 0.1 21 0 1 2 3 0 
30 9 1 0.2 21 0 1 2 3 0 
30 9 1 0.25 21 3 0 1 2 3 
30 9 1 0.3 21 0 1 2 3 0 
30 9 1 0.4 21 3 0 1 2 3 
30 9 1 0.5 21 2 0 1 3 2 
30 9 1 0.6 23 1 2 0 3 1 
30 9 1 0.7 21 1 0 2 3 1 
30 9 1 0.75 21 0 1 2 3 0 
30 9 1 0.8 21 3 0 1 2 3 
30 9 1 0.9 21 0 1 2 3 0 
30 10 0 0.1 21 0 1 2 3 0 
30 10 0 0.2 21 0 1 2 3 0 
30 10 0 0.25 21 0 1 2 3 0 
30 10 0 0.3 21 1 2 0 3 1 
30 10 0 0.4 21 0 1 2 3 0 
30 10 0 0.5 21 2 0 1 3 2 
30 10 0 0.6 21 3 0 1 2 3 
30 10 0 0.7 21 3 0 1 2 3 
30 10 0 0.75 21 0 1 2 3 0 
30 10 0 0.8 21 3 0 1 2 3 
30 10 0 0.9 21 3 0 1 2 3 
40 0 10 0.1 21 0 1 2 3 0 
40 0 10 0.2 21 1 0 3 2 1 
40 0 10 0.25 21 0 1 3 2 0 
40 0 10 0.3 21 3 2 1 0 3 
40 0 10 0.4 21 0 1 2 3 0 
40 0 10 0.5 21 0 3 2 1 0 
40 0 10 0.6 21 0 1 2 3 0 
40 0 10 0.7 21 0 1 2 3 0 
40 0 10 0.75 21 0 1 2 3 0 
40 0 10 0.8 21 3 0 1 2 3 
40 0 10 0.9 21 0 3 2 1 0 
40 1 9 0.1 21 0 3 1 2 0 
40 1 9 0.2 21 0 1 2 3 0 
40 1 9 0.25 21 0 1 2 3 0 
40 1 9 0.3 21 3 2 0 1 3 
40 1 9 0.4 21 0 3 2 1 0 
40 1 9 0.5 21 0 1 3 2 0 
40 1 9 0.6 21 0 1 2 3 0 
40 1 9 0.7 21 0 1 2 3 0 
40 1 9 0.75 21 0 1 3 2 0 
40 1 9 0.8 21 0 1 2 3 0 
40 1 9 0.9 21 0 1 2 3 0 
40 2 8 0.1 21 3 2 1 0 3 
40 2 8 0.2 21 0 1 2 3 0 
40 2 8 0.25 21 0 1 2 3 0 
40 2 8 0.3 23 0 1 2 3 0 
40 2 8 0.4 21 0 1 2 3 0 
40 2 8 0.5 21 0 1 2 3 0 
40 2 8 0.6 21 2 3 1 0 2 
40 2 8 0.7 21 3 2 0 1 3 
40 2 8 0.75 21 0 1 2 3 0 
40 2 8 0.8 21 2 3 0 1 2 
40 2 8 0.9 21 0 2 1 3 0 
40 3 7 0.1 21 0 1 2 3 0 
40 3 7 0.2 21 0 1 2 3 0 
40 3 7 0.25 21 3 2 0 1 3 
40 3 7 0.3 21 0 1 2 3 0 
40 3 7 0.4 21 3 0 1 2 3 
40 3 7 0.5 21 0 1 2 3 0 
40 3 7 0.6 21 0 1 2 3 0 
40 3 7 0.7 21 3 0 1 2 3 
40 3 7 0.75 21 0 1 2 3 0 
40 3 7 0.8 21 1 0 2 3 1 
40 3 7 0.9 21 0 1 2 3 0 
40 4 6 0.1 21 3 0 1 2 3 
40 4 6 0.2 21 0 1 2 3 0 
40 4 6 0.25 21 0 1 3 2 0 
40 4 6 0.3 21 2 0 1 3 2 
40 4 6 0.4 21 0 1 2 3 0 
40 4 6 0.5 21 3 0 1 2 3 
40 4 6 0.6 21 0 1 3 2 0 
40 4 6 0.7 21 0 1 2 3 0 
40 4 6 0.75 21 0 1 3 2 0 
40 4 6 0.8 23 0 1 2 3 0 
40 4 6 0.9 21 0 1 3 2 0 
40 5 5 0.1 21 3 2 0 1 3 
40 5 5 0.2 21 0 1 2 3 0 
40 5 5 0.25 21 1 0 3 2 1 
40 5 5 0.3 21 3 0 1 2 3 
40 5 5 0.4 21 0 1 2 3 0 
40 5 5 0.5 21 3 0 1 2 3 
40 5 5 0.6 21 0 1 2 3 0 
40 5 5 0.7 21 0 1 2 3 0 
40 5 5 0.75 21 3 0 1 2 3 
40 5 5 0.8 21 0 1 2 3 0 
40 5 5 0.9 21 0 1 3 2 0 
40 6 4 0.1 21 0 1 2 3 0 
40 6 4 0.2 21 0 1 2 3 0 
40 6 4 0.25 21 0 1 2 3 0 
40 6 4 0.3 21 0 1 2 3 0 
40 6 4 0.4 21 3 0 1 2 3 
40 6 4 0.5 21 0 1 2 3 0 
40 6 4 0.6 21 0 1 2 3 0 
40 6 4 0.7 21 0 1 2 3 0 
40 6 4 0.75 21 0 1 2 3 0 
40 6 4 0.8 21 0 1 2 3 0 
40 6 4 0.9 21 0 1 2 3 0 
40 7 3 0.1 21 0 1 2 3 0 
40 7 3 0.2 21 0 1 2 3 0 
40 7 3 0.25 21 0 1 2 3 0 
40 7 3 0.3 21 1 0 2 3 1 
40 7 3 0.4 21 0 1 2 3 0 
40 7 3 0.5 21 0 1 2 3 0 
40 7 3 0.6 21 0 1 2 3 0 
40 7 3 0.7 21 2 0 1 3 2 
40 7 3 0.75 21 0 1 2 3 0 
40 7 3 0.8 21 0 1 2 3 0 
40 7 3 0.9 21 2 3 0 1 2 
40 8 2 0.1 21 3 0 1 2 3 
40 8 2 0.2 21 0 1 2 3 0 
40 8 2 0.25 21 3 0 1 2 3 
40 8 2 0.3 21 0 1 2 3 0 
40 8 2 0.4 23 1 0 2 3 1 
40 8 2 0.5 21 0 1 2 3 0 
40 8 2 0.6 21 0 1 2 3 0 
40 8 2 0.7 21 0 1 2 3 0 
40 8 2 0.75 21 0 1 2 3 0 
40 8 2 0.8 21 3 0 1 2 3 
40 8 2 0.9 21 2 3 0 1 2 
40 9 1 0.1 21 1 3 0 2 1 
40 9 1 0.2 21 0 1 2 3 0 
40 9 1 0.25 21 0 1 2 3 0 
40 9 1 0.3 21 3 0 1 2 3 
40 9 1 0.4 21 3 0 1 2 3 
40 9 1 0.5 23 1 2 3 0 1 
40 9 1 0.6 21 3 0 1 2 3 
40 9 1 0.7 21 2 3 0 1 2 
40 9 1 0.75 21 2 3 0 1 2 
40 9 1 0.8 21 0 1 2 3 0 
40 9 1 0.9 21 0 1 2 3 0 
40 10 0 0.1 21 3 2 0 1 3 
40 10 0 0.2 21 2 3 0 1 2 
40 10 0 0.25 21 0 1 2 3 0 
40 10 0 0.3 21 3 0 1 2 3 
40 10 0 0.4 21 0 1 2 3 0 
40 10 0 0.5 21 0 1 2 3 0 
40 10 0 0.6 21 3 0 1 2 3 
40 10 0 0.7 21 3 0 1 2 3 
40 10 0 0.75 21 0 1 2 3 0 
40 10 0 0.8 21 0 1 2 3 0 
40 10 0 0.9 21 2 0 1 3 2 
50 0 10 0.1 21 0 1 3 2 0 
50 0 10 0.2 21 0 1 3 2 0 
50 0 10 0.25 21 0 1 2 3 0 
50 0 10 0.3 21 0 1 2 3 0 
50 0 10 0.4 21 3 2 1 0 3 
50 0 10 0.5 21 0 3 2 1 0 
50 0 10 0.6 21 0 3 1 2 0 
50 0 10 0.7 21 0 3 1 2 0 
50 0 10 0.75 21 0 3 1 2 0 
50 0 10 0.8 21 0 1 2 3 0 
50 0 10 0.9 21 0 1 2 3 0 
50 1 9 0.1 21 0 1 2 3 0 
50 1 9 0.2 21 0 1 2 3 0 
50 1 9 0.25 21 0 1 3 2 0 
50 1 9 0.3 21 0 2 1 3 0 
50 1 9 0.4 21 3 0 1 2 3 
50 1 9 0.5 21 0 3 2 1 0 
50 1 9 0.6 21 0 1 3 2 0 
50 1 9 0.7 21 0 1 2 3 0 
50 1 9 0.75 21 0 3 1 2 0 
50 1 9 0.8 21 0 3 2 1 0 
50 1 9 0.9 21 0 3 2 1 0 
50 2 8 0.1 21 0 1 2 3 0 
50 2 8 0.2 21 0 1 2 3 0 
50 2 8 0.25 21 0 1 2 3 0 
50 2 8 0.3 21 0 3 1 2 0 
50 2 8 0.4 21 0 1 2 3 0 
50 2 8 0.5 21 0 1 2 3 0 
50 2 8 0.6 21 0 1 3 2 0 
50 2 8 0.7 21 0 1 2 3 0 
50 2 8 0.75 21 2 3 0 1 2 
50 2 8 0.8 21 0 1 2 3 0 
50 2 8 0.9 21 0 1 2 3 0 
50 3 7 0.1 21 0 1 2 3 0 
50 3 7 0.2 21 0 1 2 3 0 
50 3 7 0.25 21 0 1 2 3 0 
50 3 7 0.3 21 0 1 2 3 0 
50 3 7 0.4 21 0 1 2 3 0 
50 3 7 0.5 21 0 1 2 3 0 
50 3 7 0.6 21 0 1 2 3 0 
50 3 7 0.7 23 0 1 2 3 0 
50 3 7 0.75 21 0 1 2 3 0 
50 3 7 0.8 21 2 3 0 1 2 
50 3 7 0.9 21 3 2 0 1 3 
50 4 6 0.1 21 0 1 2 3 0 
50 4 6 0.2 21 1 2 3 0 1 
50 4 6 0.25 21 0 1 2 3 0 
50 4 6 0.3 21 0 1 2 3 0 
50 4 6 0.4 21 0 1 2 3 0 
50 4 6 0.5 21 1 2 3 0 1 
50 4 6 0.6 21 3 2 0 1 3 
50 4 6 0.7 21 0 1 2 3 0 
50 4 6 0.75 21 0 1 2 3 0 
50 4 6 0.8 21 0 1 3 2 0 
50 4 6 0.9 21 0 1 2 3 0 
50 5 5 0.1 21 0 1 2 3 0 
50 5 5 0.2 21 0 1 2 3 0 
50 5 5 0.25 21 2 0 1 3 2 
50 5 5 0.3 21 0 1 2 3 0 
50 5 5 0.4 21 0 1 2 3 0 
50 5 5 0.5 21 3 0 1 2 3 
50 5 5 0.6 21 0 1 2 3 0 
50 5 5 0.7 21 0 1 2 3 0 
50 5 5 0.75 21 0 1 3 2 0 
50 5 5 0.8 21 0 1 2 3 0 
50 5 5 0.9 21 0 1 2 3 0 
50 6 4 0.1 21 2 3 0 1 2 
50 6 4 0.2 21 3 2 0 1 3 
50 6 4 0.25 21 0 1 2 3 0 
50 6 4 0.3 21 0 1 2 3 0 
50 6 4 0.4 21 0 1 2 3 0 
50 6 4 0.5 21 0 1 2 3 0 
50 6 4 0.6 21 0 1 2 3 0 
50 6 4 0.7 21 0 1 2 3 0 
50 6 4 0.75 21 0 1 2 3 0 
50 6 4 0.8 21 0 1 2 3 0 
50 6 4 0.9 21 0 1 2 3 0 
50 7 3 0.1 21 1 0 2 3 1 
50 7 3 0.2 21 0 1 2 3 0 
50 7 3 0.25 21 0 1 2 3 0 
50 7 3 0.3 21 0 1 2 3 0 
50 7 3 0.4 21 0 1 2 3 0 
50 7 3 0.5 21 0 1 2 3 0 
50 7 3 0.6 23 0 1 2 3 0 
50 7 3 0.7 21 0 1 2 3 0 
50 7 3 0.75 21 1 0 2 3 1 
50 7 3 0.8 21 0 1 2 3 0 
50 7 3 0.9 21 1 2 0 3 1 
50 8 2 0.1 21 0 1 2 3 0 
50 8 2 0.2 21 1 2 3 0 1 
50 8 2 0.25 21 0 1 2 3 0 
50 8 2 0.3 21 3 0 1 2 3 
50 8 2 0.4 21 0 1 2 3 0 
50 8 2 0.5 21 2 3 0 1 2 
50 8 2 0.6 21 3 0 1 2 3 
50 8 2 0.7 21 2 0 1 3 2 
50 8 2 0.75 21 0 1 2 3 0 
50 8 2 0.8 21 2 0 1 3 2 
50 8 2 0.9 21 0 1 2 3 0 
50 9 1 0.1 21 2 3 0 1 2 
50 9 1 0.2 23 1 2 0 3 1 
50 9 1 0.25 21 0 1 2 3 0 
50 9 1 0.3 21 0 1 2 3 0 
50 9 1 0.4 21 0 1 2 3 0 
50 9 1 0.5 21 0 1 2 3 0 
50 9 1 0.6 21 0 1 2 3 0 
50 9 1 0.7 21 0 1 2 3 0 
50 9 1 0.75 21 0 1 2 3 0 
50 9 1 0.8 21 0 1 2 3 0 
50 9 1 0.9 21 0 1 2 3 0 
50 10 0 0.1 21 0 1 3 2 0 
50 10 0 0.2 21 0 1 2 3 0 
50 10 0 0.25 21 3 0 1 2 3 
50 10 0 0.3 21 0 1 2 3 0 
50 10 0 0.4 21 0 1 2 3 0 
50 10 0 0.5 21 0 1 2 3 0 
50 10 0 0.6 21 3 0 1 2 3 
50 10 0 0.7 21 0 1 2 3 0 
50 10 0 0.75 23 0 1 2 3 0 
50 10 0 0.8 21 3 0 1 2 3 
50 10 0 0.9 21 0 1 2 3 0 
60 0 10 0.1 21 0 3 2 1 0 
60 0 10 0.2 21 0 1 3 2 0 
60 0 10 0.25 21 0 3 2 1 0 
60 0 10 0.3 21 2 0 3 1 2 
60 0 10 0.4 21 0 3 1 2 0 
60 0 10 0.5 21 2 0 1 3 2 
60 0 10 0.6 21 0 1 2 3 0 
60 0 10 0.7 21 0 1 2 3 0 
60 0 10 0.75 21 3 0 2 1 3 
60 0 10 0.8 21 0 3 2 1 0 
60 0 10 0.9 21 0 1 3 2 0 
60 1 9 0.1 21 3 0 1 2 3 
60 1 9 0.2 21 0 3 1 2 0 
60 1 9 0.25 21 1 0 3 2 1 
60 1 9 0.3 23 3 0 1 2 3 
60 1 9 0.4 21 0 3 1 2 0 
60 1 9 0.5 21 0 3 1 2 0 
60 1 9 0.6 21 0 1 2 3 0 
60 1 9 0.7 21 0 3 1 2 0 
60 1 9 0.75 21 3 2 0 1 3 
60 1 9 0.8 21 0 3 1 2 0 
60 1 9 0.9 21 3 0 1 2 3 
60 2 8 0.1 21 0 1 2 3 0 
60 2 8 0.2 21 3 2 0 1 3 
60 2 8 0.25 21 0 1 2 3 0 
60 2 8 0.3 21 1 3 2 0 1 
60 2 8 0.4 21 0 3 2 1 0 
60 2 8 0.5 21 0 1 2 3 0 
60 2 8 0.6 21 1 3 0 2 1 
60 2 8 0.7 23 0 1 2 3 0 
60 2 8 0.75 21 0 2 3 1 0 
60 2 8 0.8 23 0 1 2 3 0 
60 2 8 0.9 21 2 0 1 3 2 
60 3 7 0.1 21 0 1 2 3 0 
60 3 7 0.2 21 0 1 2 3 0 
60 3 7 0.25 21 0 1 2 3 0 
60 3 7 0.3 21 0 1 2 3 0 
60 3 7 0.4 21 0 1 3 2 0 
60 3 7 0.5 21 0 1 2 3 0 
60 3 7 0.6 23 1 3 2 0 1 
60 3 7 0.7 21 0 1 2 3 0 
60 3 7 0.75 21 0 1 3 2 0 
60 3 7 0.8 21 0 1 2 3 0 
60 3 7 0.9 21 0 1 2 3 0 
60 4 6 0.1 21 0 1 2 3 0 
60 4 6 0.2 21 0 1 2 3 0 
60 4 6 0.25 21 0 1 2 3 0 
60 4 6 0.3 21 0 1 2 3 0 
60 4 6 0.4 21 1 0 2 3 1 
60 4 6 0.5 21 0 1 2 3 0 
60 4 6 0.6 21 0 1 2 3 0 
60 4 6 0.7 21 3 2 0 1 3 
60 4 6 0.75 21 0 1 2 3 0 
60 4 6 0.8 21 0 1 3 2 0 
60 4 6 0.9 21 0 2 1 3 0 
60 5 5 0.1 21 0 1 2 3 0 
60 5 5 0.2 21 0 1 2 3 0 
60 5 5 0.25 21 0 1 2 3 0 
60 5 5 0.3 21 0 1 2 3 0 
60 5 5 0.4 21 0 1 2 3 0 
60 5 5 0.5 21 1 2 3 0 1 
60 5 5 0.6 21 0 1 2 3 0 
60 5 5 0.7 21 0 1 2 3 0 
60 5 5 0.75 21 1 0 2 3 1 
60 5 5 0.8 21 0 1 3 2 0 
60 5 5 0.9 21 0 1 2 3 0 
60 6 4 0.1 21 2 3 0 1 2 
60 6 4 0.2 21 0 1 2 3 0 
60 6 4 0.25 21 1 0 3 2 1 
60 6 4 0.3 21 0 1 2 3 0 
60 6 4 0.4 21 3 2 0 1 3 
60 6 4 0.5 23 0 1 2 3 0 
60 6 4 0.6 21 0 1 2 3 0 
60 6 4 0.7 23 2 3 0 1 2 
60 6 4 0.75 21 0 1 2 3 0 
60 6 4 0.8 21 0 1 2 3 0 
60 6 4 0.9 21 0 1 2 3 0 
60 7 3 0.1 21 3 2 0 1 3 
60 7 3 0.2 21 3 0 1 2 3 
60 7 3 0.25 21 0 1 2 3 0 
60 7 3 0.3 21 0 1 2 3 0 
60 7 3 0.4 21 0 1 2 3 0 
60 7 3 0.5 21 0 1 2 3 0 
60 7 3 0.6 21 1 2 3 0 1 
60 7 3 0.7 23 0 1 2 3 0 
60 7 3 0.75 24 0 1 2 3 0 
60 7 3 0.8 21 0 1 2 3 0 
60 7 3 0.9 21 1 2 3 0 1 
60 8 2 0.1 21 3 0 1 2 3 
60 8 2 0.2 21 0 1 2 3 0 
60 8 2 0.25 21 1 0 3 2 1 
60 8 2 0.3 21 0 1 2 3 0 
60 8 2 0.4 21 0 1 2 3 0 
60 8 2 0.5 21 0 1 2 3 0 
60 8 2 0.6 21 0 1 2 3 0 
60 8 2 0.7 23 1 0 3 2 1 
60 8 2 0.75 21 3 0 1 2 3 
60 8 2 0.8 23 1 2 3 0 1 
60 8 2 0.9 21 0 1 2 3 0 
60 9 1 0.1 21 1 2 0 3 1 
60 9 1 0.2 21 0 1 2 3 0 
60 9 1 0.25 21 0 1 2 3 0 
60 9 1 0.3 21 0 1 2 3 0 
60 9 1 0.4 21 0 1 2 3 0 
60 9 1 0.5 21 1 0 2 3 1 
60 9 1 0.6 21 2 0 1 3 2 
60 9 1 0.7 21 2 0 1 3 2 
60 9 1 0.75 21 0 1 2 3 0 
60 9 1 0.8 21 3 0 1 2 3 
60 9 1 0.9 21 0 1 2 3 0 
60 10 0 0.1 21 1 3 0 2 1 
60 10 0 0.2 23 0 1 2 3 0 
60 10 0 0.25 21 0 1 2 3 0 
60 10 0 0.3 21 1 0 3 2 1 
60 10 0 0.4 21 2 0 1 3 2 
60 10 0 0.5 21 2 0 1 3 2 
60 10 0 0.6 21 0 1 2 3 0 
60 10 0 0.7 23 1 0 2 3 1 
60 10 0 0.75 21 2 0 1 3 2 
60 10 0 0.8 21 0 1 2 3 0 
60 10 0 0.9 21 0 1 2 3 0 
70 0 10 0.1 21 3 2 1 0 3 
70 0 10 0.2 21 0 1 2 3 0 
70 0 10 0.25 21 3 2 0 1 3 
70 0 10 0.3 21 1 0 2 3 1 
70 0 10 0.4 21 0 3 1 2 0 
70 0 10 0.5 21 0 3 2 1 0 
70 0 10 0.6 21 0 1 3 2 0 
70 0 10 0.7 21 0 1 2 3 0 
70 0 10 0.75 21 0 1 2 3 0 
70 0 10 0.8 21 0 1 2 3 0 
70 0 10 0.9 21 0 3 1 2 0 
70 1 9 0.1 21 0 3 2 1 0 
70 1 9 0.2 21 0 1 2 3 0 
70 1 9 0.25 21 0 1 3 2 0 
70 1 9 0.3 21 0 1 2 3 0 
70 1 9 0.4 21 1 2 3 0 1 
70 1 9 0.5 21 0 1 2 3 0 
70 1 9 0.6 21 0 1 2 3 0 
70 1 9 0.7 21 0 1 2 3 0 
70 1 9 0.75 21 0 1 3 2 0 
70 1 9 0.8 21 0 1 2 3 0 
70 1 9 0.9 21 0 1 2 3 0 
70 2 8 0.1 21 0 1 2 3 0 
70 2 8 0.2 21 0 1 2 3 0 
70 2 8 0.25 23 0 1 3 2 0 
70 2 8 0.3 21 0 1 2 3 0 
70 2 8 0.4 21 3 2 1 0 3 
70 2 8 0.5 21 0 1 2 3 0 
70 2 8 0.6 21 0 1 2 3 0 
70 2 8 0.7 21 0 1 3 2 0 
70 2 8 0.75 21 0 1 2 3 0 
70 2 8 0.8 21 1 0 2 3 1 
70 2 8 0.9 21 0 1 2 3 0 
70 3 7 0.1 21 0 1 2 3 0 
70 3 7 0.2 21 2 0 1 3 2 
70 3 7 0.25 21 3 2 1 0 3 
70 3 7 0.3 21 0 1 2 3 0 
70 3 7 0.4 21 0 1 2 3 0 
70 3 7 0.5 21 3 2 0 1 3 
70 3 7 0.6 21 0 3 2 1 0 
70 3 7 0.7 21 3 2 0 1 3 
70 3 7 0.75 21 2 0 1 3 2 
70 3 7 0.8 21 1 0 2 3 1 
70 3 7 0.9 21 3 2 0 1 3 
70 4 6 0.1 21 0 1 2 3 0 
70 4 6 0.2 21 0 1 2 3 0 
70 4 6 0.25 21 1 0 2 3 1 
70 4 6 0.3 21 3 0 1 2 3 
70 4 6 0.4 21 0 1 2 3 0 
70 4 6 0.5 21 0 1 2 3 0 
70 4 6 0.6 21 0 1 2 3 0 
70 4 6 0.7 21 2 0 1 3 2 
70 4 6 0.75 21 0 1 2 3 0 
70 4 6 0.8 21 0 1 2 3 0 
70 4 6 0.9 21 0 1 3 2 0 
70 5 5 0.1 21 0 1 2 3 0 
70 5 5 0.2 21 1 0 3 2 1 
70 5 5 0.25 21 0 1 2 3 0 
70 5 5 0.3 21 0 1 2 3 0 
70 5 5 0.4 21 0 1 2 3 0 
70 5 5 0.5 21 0 1 2 3 0 
70 5 5 0.6 23 1 2 0 3 1 
70 5 5 0.7 21 0 1 2 3 0 
70 5 5 0.75 21 0 1 2 3 0 
70 5 5 0.8 21 0 1 3 2 0 
70 5 5 0.9 21 0 1 2 3 0 
70 6 4 0.1 21 3 0 1 2 3 
70 6 4 0.2 21 0 1 2 3 0 
70 6 4 0.25 21 1 0 3 2 1 
70 6 4 0.3 21 0 1 2 3 0 
70 6 4 0.4 21 0 1 2 3 0 
70 6 4 0.5 21 0 1 2 3 0 
70 6 4 0.6 21 0 1 2 3 0 
70 6 4 0.7 21 0 1 2 3 0 
70 6 4 0.75 21 0 1 2 3 0 
70 6 4 0.8 21 0 1 2 3 0 
70 6 4 0.9 21 0 1 2 3 0 
70 7 3 0.1 21 0 1 2 3 0 
70 7 3 0.2 21 1 0 2 3 1 
70 7 3 0.25 21 0 1 2 3 0 
70 7 3 0.3 21 0 1 2 3 0 
70 7 3 0.4 21 0 1 2 3 0 
70 7 3 0.5 23 0 1 2 3 0 
70 7 3 0.6 21 2 0 1 3 2 
70 7 3 0.7 23 0 1 2 3 0 
70 7 3 0.75 21 0 1 2 3 0 
70 7 3 0.8 21 0 1 2 3 0 
70 7 3 0.9 21 2 0 1 3 2 
70 8 2 0.1 23 1 2 3 0 1 
70 8 2 0.2 21 1 0 2 3 1 
70 8 2 0.25 21 0 1 2 3 0 
70 8 2 0.3 21 0 1 2 3 0 
70 8 2 0.4 21 1 0 2 3 1 
70 8 2 0.5 23 0 1 2 3 0 
70 8 2 0.6 21 0 1 2 3 0 
70 8 2 0.7 21 0 1 2 3 0 
70 8 2 0.75 21 0 1 2 3 0 
70 8 2 0.8 21 0 1 2 3 0 
70 8 2 0.9 21 1 2 0 3 1 
70 9 1 0.1 21 0 1 2 3 0 
70 9 1 0.2 23 1 0 2 3 1 
70 9 1 0.25 21 1 2 3 0 1 
70 9 1 0.3 21 0 1 2 3 0 
70 9 1 0.4 21 1 0 2 3 1 
70 9 1 0.5 21 0 1 2 3 0 
70 9 1 0.6 21 0 1 2 3 0 
70 9 1 0.7 21 1 2 0 3 1 
70 9 1 0.75 21 0 1 2 3 0 
70 9 1 0.8 21 3 0 1 2 3 
70 9 1 0.9 21 0 1 2 3 0 
70 10 0 0.1 21 0 1 2 3 0 
70 10 0 0.2 21 0 1 2 3 0 
70 10 0 0.25 23 1 2 3 0 1 
70 10 0 0.3 21 1 0 3 2 1 
70 10 0 0.4 23 1 2 3 0 1 
70 10 0 0.5 21 0 1 2 3 0 
70 10 0 0.6 21 0 1 2 3 0 
70 10 0 0.7 21 0 1 2 3 0 
70 10 0 0.75 21 1 0 2 3 1 
70 10 0 0.8 21 0 1 2 3 0 
70 10 0 0.9 21 0 1 2 3 0 
80 0 10 0.1 21 1 0 3 2 1 
80 0 10 0.2 21 0 1 2 3 0 
80 0 10 0.25 21 3 2 1 0 3 
80 0 10 0.3 21 0 3 2 1 0 
80 0 10 0.4 21 0 1 2 3 0 
80 0 10 0.5 21 0 1 2 3 0 
80 0 10 0.6 21 0 1 2 3 0 
80 0 10 0.7 23 1 2 3 0 1 
80 0 10 0.75 21 0 1 2 3 0 
80 0 10 0.8 21 2 3 1 0 2 
80 0 10 0.9 21 2 3 0 1 2 
80 1 9 0.1 21 0 1 3 2 0 
80 1 9 0.2 23 2 3 0 1 2 
80 1 9 0.25 21 0 3 2 1 0 
80 1 9 0.3 23 1 0 2 3 1 
80 1 9 0.4 23 0 1 2 3 0 
80 1 9 0.5 21 0 1 2 3 0 
80 1 9 0.6 21 1 2 3 0 1 
80 1 9 0.7 21 0 3 2 1 0 
80 1 9 0.75 21 0 1 2 3 0 
80 1 9 0.8 21 0 1 2 3 0 
80 1 9 0.9 21 0 1 2 3 0 
80 2 8 0.1 21 0 1 2 3 0 
80 2 8 0.2 21 0 1 2 3 0 
80 2 8 0.25 21 0 1 2 3 0 
80 2 8 0.3 23 0 1 2 3 0 
80 2 8 0.4 21 0 1 2 3 0 
80 2 8 0.5 21 0 1 2 3 0 
80 2 8 0.6 21 1 0 3 2 1 
80 2 8 0.7 21 0 1 2 3 0 
80 2 8 0.75 21 0 1 2 3 0 
80 2 8 0.8 21 1 0 2 3 1 
80 2 8 0.9 21 0 1 2 3 0 
80 3 7 0.1 21 0 1 2 3 0 
80 3 7 0.2 21 0 1 2 3 0 
80 3 7 0.25 21 3 2 0 1 3 
80 3 7 0.3 21 0 1 2 3 0 
80 3 7 0.4 21 0 1 2 3 0 
80 3 7 0.5 21 0 1 2 3 0 
80 3 7 0.6 21 0 1 2 3 0 
80 3 7 0.7 21 0 1 2 3 0 
80 3 7 0.75 21 0 1 2 3 0 
80 3 7 0.8 21 0 1 3 2 0 
80 3 7 0.9 21 3 2 1 0 3 
80 4 6 0.1 21 3 2 0 1 3 
80 4 6 0.2 21 0 1 2 3 0 
80 4 6 0.25 21 0 1 2 3 0 
80 4 6 0.3 21 0 1 2 3 0 
80 4 6 0.4 21 2 3 0 1 2 
80 4 6 0.5 21 0 1 2 3 0 
80 4 6 0.6 21 0 1 2 3 0 
80 4 6 0.7 21 0 1 2 3 0 
80 4 6 0.75 21 0 1 2 3 0 
80 4 6 0.8 21 3 0 1 2 3 
80 4 6 0.9 21 2 3 0 1 2 
80 5 5 0.1 21 0 1 2 3 0 
80 5 5 0.2 21 0 1 2 3 0 
80 5 5 0.25 21 1 0 3 2 1 
80 5 5 0.3 21 0 1 2 3 0 
80 5 5 0.4 21 3 2 0 1 3 
80 5 5 0.5 21 2 0 1 3 2 
80 5 5 0.6 21 3 0 1 2 3 
80 5 5 0.7 21 0 1 2 3 0 
80 5 5 0.75 21 1 2 3 0 1 
80 5 5 0.8 21 1 0 2 3 1 
80 5 5 0.9 21 0 1 2 3 0 
80 6 4 0.1 21 3 0 1 2 3 
80 6 4 0.2 21 0 1 2 3 0 
80 6 4 0.25 21 0 1 2 3 0 
80 6 4 0.3 21 0 1 2 3 0 
80 6 4 0.4 21 0 1 2 3 0 
80 6 4 0.5 21 0 1 2 3 0 
80 6 4 0.6 21 0 1 2 3 0 
80 6 4 0.7 21 3 0 1 2 3 
80 6 4 0.75 23 1 0 2 3 1 
80 6 4 0.8 21 1 2 3 0 1 
80 6 4 0.9 21 0 1 3 2 0 
80 7 3 0.1 21 0 1 2 3 0 
80 7 3 0.2 21 0 1 2 3 0 
80 7 3 0.25 21 0 1 2 3 0 
80 7 3 0.3 21 0 1 2 3 0 
80 7 3 0.4 21 3 0 1 2 3 
80 7 3 0.5 21 0 1 2 3 0 
80 7 3 0.6 21 0 1 2 3 0 
80 7 3 0.7 21 0 1 2 3 0 
80 7 3 0.75 23 0 1 2 3 0 
80 7 3 0.8 23 0 1 2 3 0 
80 7 3 0.9 21 0 1 2 3 0 
80 8 2 0.1 21 0 1 2 3 0 
80 8 2 0.2 21 0 1 2 3 0 
80 8 2 0.25 21 2 0 1 3 2 
80 8 2 0.3 21 0 1 2 3 0 
80 8 2 0.4 21 0 1 2 3 0 
80 8 2 0.5 23 2 3 0 1 2 
80 8 2 0.6 23 1 2 3 0 1 
80 8 2 0.7 21 0 1 2 3 0 
80 8 2 0.75 21 3 0 1 2 3 
80 8 2 0.8 21 0 1 2 3 0 
80 8 2 0.9 23 2 0 1 3 2 
80 9 1 0.1 21 0 1 2 3 0 
80 9 1 0.2 21 0 1 2 3 0 
80 9 1 0.25 21 0 1 2 3 0 
80 9 1 0.3 21 0 1 2 3 0 
80 9 1 0.4 21 0 1 2 3 0 
80 9 1 0.5 21 0 1 2 3 0 
80 9 1 0.6 21 0 1 2 3 0 
80 9 1 0.7 21 0 1 2 3 0 
80 9 1 0.75 21 0 1 2 3 0 
80 9 1 0.8 21 0 1 2 3 0 
80 9 1 0.9 21 0 1 2 3 0 
80 10 0 0.1 21 0 1 2 3 0 
80 10 0 0.2 21 0 1 2 3 0 
80 10 0 0.25 21 1 2 0 3 1 
80 10 0 0.3 21 0 1 2 3 0 
80 10 0 0.4 23 0 1 2 3 0 
80 10 0 0.5 21 0 1 2 3 0 
80 10 0 0.6 21 3 0 1 2 3 
80 10 0 0.7 21 2 3 0 1 2 
80 10 0 0.75 21 0 1 2 3 0 
80 10 0 0.8 21 0 1 2 3 0 
80 10 0 0.9 21 3 0 1 2 3 
90 0 10 0.1 21 1 3 0 2 1 
90 0 10 0.2 21 0 3 2 1 0 
90 0 10 0.25 21 1 3 2 0 1 
90 0 10 0.3 21 3 0 1 2 3 
90 0 10 0.4 21 1 0 2 3 1 
90 0 10 0.5 21 0 2 3 1 0 
90 0 10 0.6 21 1 0 3 2 1 
90 0 10 0.7 21 1 2 3 0 1 
90 0 10 0.75 21 0 1 2 3 0 
90 0 10 0.8 21 0 3 1 2 0 
90 0 10 0.9 21 3 0 1 2 3 
90 1 9 0.1 21 0 1 3 2 0 
90 1 9 0.2 21 0 1 2 3 0 
90 1 9 0.25 21 0 3 1 2 0 
90 1 9 0.3 21 2 0 1 3 2 
90 1 9 0.4 21 0 1 2 3 0 
90 1 9 0.5 23 0 3 1 2 0 
90 1 9 0.6 21 0 1 2 3 0 
90 1 9 0.7 21 0 1 2 3 0 
90 1 9 0.75 21 0 1 3 2 0 
90 1 9 0.8 23 1 2 0 3 1 
90 1 9 0.9 21 1 0 2 3 1 
90 2 8 0.1 21 0 1 2 3 0 
90 2 8 0.2 21 0 1 2 3 0 
90 2 8 0.25 21 0 1 2 3 0 
90 2 8 0.3 21 0 3 2 1 0 
90 2 8 0.4 21 1 2 3 0 1 
90 2 8 0.5 21 0 1 2 3 0 
90 2 8 0.6 21 1 0 2 3 1 
90 2 8 0.7 21 2 0 1 3 2 
90 2 8 0.75 21 0 1 2 3 0 
90 2 8 0.8 21 0 1 2 3 0 
90 2 8 0.9 21 0 1 3 2 0 
90 3 7 0.1 21 1 2 0 3 1 
90 3 7 0.2 21 0 1 2 3 0 
90 3 7 0.25 21 3 0 1 2 3 
90 3 7 0.3 21 0 1 2 3 0 
90 3 7 0.4 21 0 1 2 3 0 
90 3 7 0.5 21 0 1 2 3 0 
90 3 7 0.6 21 0 1 2 3 0 
90 3 7 0.7 21 0 1 2 3 0 
90 3 7 0.75 21 0 1 2 3 0 
90 3 7 0.8 21 1 0 2 3 1 
90 3 7 0.9 21 0 1 2 3 0 
90 4 6 0.1 21 1 2 0 3 1 
90 4 6 0.2 21 1 2 0 3 1 
90 4 6 0.25 21 2 3 0 1 2 
90 4 6 0.3 21 0 1 2 3 0 
90 4 6 0.4 21 0 1 2 3 0 
90 4 6 0.5 21 0 1 3 2 0 
90 4 6 0.6 21 0 1 2 3 0 
90 4 6 0.7 21 0 1 3 2 0 
90 4 6 0.75 21 3 2 0 1 3 
90 4 6 0.8 21 1 0 2 3 1 
90 4 6 0.9 21 3 0 1 2 3 
90 5 5 0.1 21 0 1 2 3 0 
90 5 5 0.2 21 0 1 2 3 0 
90 5 5 0.25 21 0 1 2 3 0 
90 5 5 0.3 21 0 1 2 3 0 
90 5 5 0.4 21 0 1 3 2 0 
90 5 5 0.5 21 0 1 2 3 0 
90 5 5 0.6 21 3 0 1 2 3 
90 5 5 0.7 21 1 2 3 0 1 
90 5 5 0.75 21 0 1 2 3 0 
90 5 5 0.8 23 1 0 2 3 1 
90 5 5 0.9 21 2 0 1 3 2 
90 6 4 0.1 21 0 1 2 3 0 
90 6 4 0.2 21 0 1 2 3 0 
90 6 4 0.25 21 2 3 0 1 2 
90 6 4 0.3 21 2 3 0 1 2 
90 6 4 0.4 21 0 1 2 3 0 
90 6 4 0.5 21 0 1 2 3 0 
90 6 4 0.6 21 0 1 2 3 0 
90 6 4 0.7 21 0 1 2 3 0 
90 6 4 0.75 21 0 1 2 3 0 
90 6 4 0.8 21 3 0 1 2 3 
90 6 4 0.9 21 3 2 0 1 3 
90 7 3 0.1 21 0 1 2 3 0 
90 7 3 0.2 21 0 1 2 3 0 
90 7 3 0.25 21 3 0 1 2 3 
90 7 3 0.3 21 3 0 1 2 3 
90 7 3 0.4 21 3 0 1 2 3 
90 7 3 0.5 21 2 3 0 1 2 
90 7 3 0.6 21 0 1 2 3 0 
90 7 3 0.7 21 2 0 1 3 2 
90 7 3 0.75 21 3 0 1 2 3 
90 7 3 0.8 21 0 1 2 3 0 
90 7 3 0.9 21 0 1 2 3 0 
90 8 2 0.1 21 0 1 2 3 0 
90 8 2 0.2 21 0 1 2 3 0 
90 8 2 0.25 21 0 1 2 3 0 
90 8 2 0.3 21 0 1 2 3 0 
90 8 2 0.4 21 2 0 1 3 2 
90 8 2 0.5 21 1 2 0 3 1 
90 8 2 0.6 21 0 1 2 3 0 
90 8 2 0.7 21 1 3 0 2 1 
90 8 2 0.75 21 0 1 2 3 0 
90 8 2 0.8 23 0 1 2 3 0 
90 8 2 0.9 23 2 3 0 1 2 
90 9 1 0.1 21 0 1 2 3 0 
90 9 1 0.2 21 0 1 2 3 0 
90 9 1 0.25 21 0 1 2 3 0 
90 9 1 0.3 21 1 0 3 2 1 
90 9 1 0.4 23 1 0 2 3 1 
90 9 1 0.5 21 0 1 2 3 0 
90 9 1 0.6 21 2 0 1 3 2 
90 9 1 0.7 23 1 0 2 3 1 
90 9 1 0.75 21 3 0 1 2 3 
90 9 1 0.8 21 0 1 2 3 0 
90 9 1 0.9 21 0 1 2 3 0 
90 10 0 0.1 23 1 2 3 0 1 
90 10 0 0.2 21 0 1 2 3 0 
90 10 0 0.25 21 3 0 1 2 3 
90 10 0 0.3 21 0 1 2 3 0 
90 10 0 0.4 21 0 1 2 3 0 
90 10 0 0.5 21 0 1 2 3 0 
90 10 0 0.6 21 0 1 2 3 0 
90 10 0 0.7 23 1 2 3 0 1 
90 10 0 0.75 21 3 0 1 2 3 
90 10 0 0.8 21 0 1 2 3 0 
90 10 0 0.9 21 0 1 2 3 0 
100 0 10 0.1 21 0 3 1 2 0 
100 0 10 0.2 21 0 1 3 2 0 
100 0 10 0.25 21 1 0 3 2 1 
100 0 10 0.3 23 1 0 3 2 1 
100 0 10 0.4 21 0 3 1 2 0 
100 0 10 0.5 21 2 3 0 1 2 
100 0 10 0.6 21 0 1 3 2 0 
100 0 10 0.7 23 1 0 3 2 1 
100 0 10 0.75 21 1 3 0 2 1 
100 0 10 0.8 23 2 3 1 0 2 
100 0 10 0.9 21 0 1 2 3 0 
100 1 9 0.1 21 0 3 2 1 0 
100 1 9 0.2 21 0 1 2 3 0 
100 1 9 0.25 21 0 3 2 1 0 
100 1 9 0.3 21 2 3 1 0 2 
100 1 9 0.4 21 0 1 2 3 0 
100 1 9 0.5 21 3 2 0 1 3 
100 1 9 0.6 21 0 1 2 3 0 
100 1 9 0.7 21 3 2 1 0 3 
100 1 9 0.75 21 0 1 2 3 0 
100 1 9 0.8 21 0 1 2 3 0 
100 1 9 0.9 21 2 3 0 1 2 
100 2 8 0.1 21 0 1 2 3 0 
100 2 8 0.2 21 3 0 1 2 3 
100 2 8 0.25 21 1 0 2 3 1 
100 2 8 0.3 21 0 1 2 3 0 
100 2 8 0.4 21 0 1 2 3 0 
100 2 8 0.5 21 2 0 1 3 2 
100 2 8 0.6 21 0 1 3 2 0 
100 2 8 0.7 21 0 3 2 1 0 
100 2 8 0.75 21 0 1 2 3 0 
100 2 8 0.8 21 0 1 3 2 0 
100 2 8 0.9 21 2 0 1 3 2 
100 3 7 0.1 21 0 1 2 3 0 
100 3 7 0.2 21 3 2 0 1 3 
100 3 7 0.25 21 0 1 2 3 0 
100 3 7 0.3 21 3 2 0 1 3 
100 3 7 0.4 21 0 1 2 3 0 
100 3 7 0.5 21 0 1 2 3 0 
100 3 7 0.6 21 2 0 1 3 2 
100 3 7 0.7 21 0 3 1 2 0 
100 3 7 0.75 21 3 0 1 2 3 
100 3 7 0.8 21 0 1 3 2 0 
100 3 7 0.9 21 0 1 2 3 0 
100 4 6 0.1 21 1 0 3 2 1 
100 4 6 0.2 21 2 0 1 3 2 
100 4 6 0.25 21 0 1 2 3 0 
100 4 6 0.3 21 3 2 0 1 3 
100 4 6 0.4 21 1 2 3 0 1 
100 4 6 0.5 21 3 2 0 1 3 
100 4 6 0.6 21 0 1 3 2 0 
100 4 6 0.7 21 0 2 1 3 0 
100 4 6 0.75 21 1 0 2 3 1 
100 4 6 0.8 21 0 1 2 3 0 
100 4 6 0.9 21 0 1 2 3 0 
100 5 5 0.1 21 0 1 2 3 0 
100 5 5 0.2 21 0 1 2 3 0 
100 5 5 0.25 23 0 1 2 3 0 
100 5 5 0.3 21 2 3 0 1 2 
100 5 5 0.4 21 0 1 2 3 0 
100 5 5 0.5 21 0 1 2 3 0 
100 5 5 0.6 21 3 0 1 2 3 
100 5 5 0.7 21 0 1 2 3 0 
100 5 5 0.75 21 0 1 2 3 0 
100 5 5 0.8 21 0 1 2 3 0 
100 5 5 0.9 23 0 1 2 3 0 
100 6 4 0.1 21 0 1 2 3 0 
100 6 4 0.2 21 0 1 2 3 0 
100 6 4 0.25 21 0 1 2 3 0 
100 6 4 0.3 21 0 1 2 3 0 
100 6 4 0.4 23 1 0 2 3 1 
100 6 4 0.5 21 1 2 0 3 1 
100 6 4 0.6 21 0 1 2 3 0 
100 6 4 0.7 21 0 1 2 3 0 
100 6 4 0.75 21 0 1 2 3 0 
100 6 4 0.8 21 0 1 2 3 0 
100 6 4 0.9 21 0 1 2 3 0 
100 7 3 0.1 21 2 3 0 1 2 
100 7 3 0.2 21 0 1 2 3 0 
100 7 3 0.25 21 1 2 3 0 1 
100 7 3 0.3 21 0 1 2 3 0 
100 7 3 0.4 21 3 0 1 2 3 
100 7 3 0.5 23 0 1 2 3 0 
100 7 3 0.6 21 3 0 1 2 3 
100 7 3 0.7 23 1 0 2 3 1 
100 7 3 0.75 21 0 1 2 3 0 
100 7 3 0.8 21 2 0 1 3 2 
100 7 3 0.9 21 3 0 1 2 3 
100 8 2 0.1 21 0 1 2 3 0 
100 8 2 0.2 21 0 1 2 3 0 
100 8 2 0.25 23 0 1 2 3 0 
100 8 2 0.3 21 0 1 2 3 0 
100 8 2 0.4 21 0 1 2 3 0 
100 8 2 0.5 21 0 1 2 3 0 
100 8 2 0.6 21 0 1 2 3 0 
100 8 2 0.7 21 0 1 2 3 0 
100 8 2 0.75 21 0 1 2 3 0 
100 8 2 0.8 23 1 2 0 3 1 
100 8 2 0.9 21 1 0 2 3 1 
100 9 1 0.1 21 3 0 1 2 3 
100 9 1 0.2 21 0 1 2 3 0 
100 9 1 0.25 21 0 1 2 3 0 
100 9 1 0.3 21 0 1 2 3 0 
100 9 1 0.4 23 1 2 3 0 1 
100 9 1 0.5 23 2 3 0 1 2 
100 9 1 0.6 21 0 1 2 3 0 
100 9 1 0.7 21 1 2 0 3 1 
100 9 1 0.75 21 0 1 2 3 0 
100 9 1 0.8 21 0 1 2 3 0 
100 9 1 0.9 21 3 0 1 2 3 
100 10 0 0.1 21 1 2 0 3 1 
100 10 0 0.2 23 1 0 3 2 1 
100 10 0 0.25 23 0 1 2 3 0 
100 10 0 0.3 21 0 1 2 3 0 
100 10 0 0.4 21 1 2 0 3 1 
100 10 0 0.5 21 0 1 2 3 0 
100 10 0 0.6 21 0 1 2 3 0 
100 10 0 0.7 21 2 3 0 1 2 
100 10 0 0.75 21 0 1 2 3 0 
100 10 0 0.8 21 0 1 2 3 0 
100 10 0 0.9 21 0 1 2 3 0 
